-0.0
-0.0
-0.0
-0.0
-0.0
-0.0
-0.0
-0.0
-0.0
-0.0
-0.0
-0.0
-0.0
-0.0
-0.0
-0.0
-0.0
-0.0
-0.0
-0.0
-0.0
-0.0
-0.0
-0.0
-0.0
-0.0
-0.0
-0.0
-0.0
-0.0
-0.0
-0.0
-0.0
-0.0
-0.0
-0.0
-0.0
-0.0
-0.0
-0.0
-0.0
-0.0
-0.0
-0.0
-0.0
-0.0
-0.0
-0.0
-0.0
-0.0
-0.0
-0.0
-0.0
-0.0
-0.0
-0.0
-0.0
-0.0
-0.0
-0.0
-0.0
-0.0
-0.0
-0.0
-0.0
-0.0
-0.0
-0.0
-0.0
-0.0
-0.0
-0.0
-0.0
-0.0
-0.0
-0.0
-0.0
-0.0
-0.0
-0.0
-0.0
-0.0
-0.0
-0.0
-0.0
-0.0
-0.0
-0.0
-0.0
-0.0
-0.0
-0.0
-0.0
-0.0
-0.0
-0.0
-0.0
-0.0
-0.0
-0.0
-0.0
-0.0
-0.0
-0.0
-0.0
-0.0
-0.0
-0.0
-0.0
-0.0
-0.0
-0.0
-0.0
-0.0
-0.0
-0.0
-0.0
-0.0
-0.0
-0.0
-0.0
-0.0
-0.0
-0.0
-0.0
-0.0
-0.0
-0.0
-0.0
-0.0
-0.0
-0.0
-0.0
-0.0
-0.0
-0.0
-0.0
-0.0
-0.0
-0.0
-0.0
-0.0
-0.0
-0.0
-0.0
-0.0
-0.0
-0.0
-0.0
-0.0
-0.0
-0.0
-0.0
-0.0
-0.0
-0.0
-0.0
-0.0
-0.0
-0.0
-0.0
-0.0
-0.0
-0.0
-0.0
-0.0
-0.0
-0.0
-0.0
-0.0
-0.0
-0.0
-0.0
-0.0
-0.0
-0.0
-0.0
-0.0
-0.0
-0.0
-0.0
-0.0
-0.0
-0.0
-0.0
-0.0
-0.0
-0.0
-0.0
-0.0
-0.0
-0.0
-0.0
-0.0
-0.0
-0.0
-0.0
-0.0
-0.0
-0.0
-0.0
-0.0
-0.0
-0.0
-0.0
-0.0
-0.0
-0.0
-0.0
-0.0
-0.0
-0.0
-0.0
-0.0
-0.0
-0.0
-0.0
-0.0
-0.0
-0.0
-0.0
-0.0
-0.0
-0.0
-0.0
-0.0
-0.0
-0.0
-0.0
-0.0
-0.0
-0.0
-0.0
-0.0
-0.0
-0.0
-0.0
-0.0
-0.0
-0.0
-0.0
-0.0
-0.0
-0.0
-0.0
-0.0
-0.0
-0.0
-0.0
-0.0
-0.0
-0.0
-0.0
-0.0
-0.0
-0.0
-0.0
-0.0
-0.0
-0.0
-0.0
-0.0
-0.0
-0.0
-0.0
-0.0
-0.0
-0.0
-0.0
-0.0
-0.0
-0.0
-0.0
-0.0
-0.0
-0.0
-0.0
-0.0
-0.0
-0.0
-0.0
-0.0
-0.0
-0.0
-0.0
-0.0
-0.0
-0.0
-0.0
-0.0
-0.0
-0.0
-0.0
-0.0
-0.0
-0.0
-0.0
-0.0
-0.0
-0.0
-0.0
-0.0
-0.0
-0.0
-0.0
-0.0
-0.0
-0.0
-0.0
-0.0
-0.0
-0.0
-0.0
-0.0
-0.0
-0.0
-0.0
-0.0
-0.0
-0.0
-0.0
-0.0
-0.0
-0.0
-0.0
-0.0
-0.0
-0.0
-0.0
-0.0
-0.0
-0.0
-0.0
-0.0
-0.0
-0.0
-0.0
-0.0
-0.0
-0.0
-0.0
-0.0
-0.0
-0.0
-0.0
-0.0
-0.0
-0.0
-0.0
-0.0
-0.0
-0.0
-0.0
-0.0
-0.0
-0.0
-0.0
-0.0
-0.0
-0.0
-0.0
-0.0
-0.0
-0.0
-0.0
-0.0
-0.0
-0.0
-0.0
-0.0
-0.0
-0.0
-0.0
-0.0
-0.0
-0.0
-0.0
-0.0
-0.0
-0.0
-0.0
-0.0
-0.0
-0.0
-0.0
-0.0
-0.0
-0.0
-0.0
-0.0
-0.0
-0.0
-0.0
-0.0
-0.0
-0.0
-0.0
-0.0
-0.0
-0.0
-0.0
-0.0
-0.0
-0.0
-0.0
-0.0
-0.0
-0.0
-0.0
-0.0
-0.0
-0.0
-0.0
-0.0
-0.0
-0.0
-0.0
-0.0
-0.0
-0.0
-0.0
-0.0
-0.0
-0.0
-0.0
-0.0
-0.0
-0.0
-0.0
-0.0
-0.0
-0.0
-0.0
-0.0
-0.0
-0.0
-0.0
-0.0
-0.0
-0.0
-0.0
-0.0
-0.0
-0.0
-0.0
-0.0
-0.0
-0.0
-0.0
-0.0
-0.0
-0.0
-0.0
-0.0
-0.0
-0.0
-0.0
-0.0
-0.0
-0.0
-0.0
-0.0
-0.0
-0.0
-0.0
-0.0
-0.0
-0.0
-0.0
-0.0
-0.0
-0.0
-0.0
-0.0
-0.0
-0.0
-0.0
-0.0
-0.0
-0.0
-0.0
-0.0
-0.0
-0.0
-0.0
-0.0
-0.0
-0.0
-0.0
-0.0
-0.0
-0.0
-0.0
-0.0
-0.0
-0.0
-0.0
-0.0
-0.0
-0.0
-0.0
-0.0
-0.0
-0.0
-0.0
-0.0
-0.0
-0.0
-0.0
-0.0
-0.0
-0.0
-0.0
-0.0
-0.0
-0.0
-0.0
-0.0
-0.0
-0.0
-0.0
-0.0
-0.0
-0.0
-0.0
-0.0
-0.0
-0.0
-0.0
-0.0
-0.0
-0.0
-0.0
-0.0
-0.0
-0.0
-0.0
-0.0
-0.0
-0.0
-0.0
-0.0
-0.0
-0.0
-0.0
-0.0
-0.0
-0.0
-0.0
-0.0
-0.0
-0.0
-0.0
-0.0
-0.0
-0.0
-0.0
-0.0
-0.0
-0.0
-0.0
-0.0
-0.0
-0.0
-0.0
-0.0
-0.0
-0.0
-0.0
-0.0
-0.0
-0.0
-0.0
-0.0
-0.0
-0.0
-0.0
-0.0
-0.0
-0.0
-0.0
-0.0
-0.0
-0.0
-0.0
-0.0
-0.0
-0.0
-0.0
-0.0
-0.0
-0.0
-0.0
-0.0
-0.0
-0.0
-0.0
-0.0
-0.0
-0.0
-0.0
-0.0
-0.0
-0.0
-0.0
-0.0
-0.0
-0.0
-0.0
-0.0
-0.0
-0.0
-0.0
-0.0
-0.0
-0.0
-0.0
-0.0
-0.0
-0.0
-0.0
-0.0
-0.0
-0.0
-0.0094258110124892
-0.004046142887850192
-0.00841832036970457
-0.016903491627489303
-0.023655807993691786
-0.03372562796416652
-0.04550625711035267
-0.05476326297775243
-0.07182403112374683
-0.08676789587852494
-0.09887733031208158
-0.11238585811285415
-0.12735473600424516
-0.1384083044982699
-0.1590984421610872
-0.1844380403458213
-0.2009629474565627
-0.21182700794351284
-0.23656973878758009
-0.24353120243531204
-0.28759736369083283
-0.2745995423340961
-0.30524642289348175
-0.3269754768392371
-0.3412726626377533
-0.3490909090909092
-0.36655211912943875
-0.3942505133470226
-0.39473684210526316
-0.4015056461731493
-0.4164859002169198
-0.44198895027624313
-0.4465116279069768
-0.46920821114369504
-0.46783625730994155
-0.5090137857900319
-0.5044666316342618
-0.5180787911494873
-0.5026178010471205
-0.5217391304347826
-0.5520414031052329
-0.5423728813559322
-0.5738194859533772
-0.575884823035393
-0.606826801517067
-0.6045340050377834
-0.5828779599271403
-0.611075747931254
-0.6299212598425198
-0.6447280053727334
-0.6862044317369551
-0.6213592233009709
-0.67463106113844
-0.6486486486486487
-0.6837606837606838
-0.6625258799171843
-0.7053637031594416
-0.7283763277693475
-0.7100591715976331
-0.7126948775055679
-0.7132243684992571
-0.7111111111111111
-0.715350223546945
-0.7142857142857144
-0.7300380228136882
-0.7395993836671804
-0.7613005551149881
-0.7547169811320755
-0.7582938388625593
-0.7373271889400922
-0.7643312101910829
-0.7811228641171684
-0.7785888077858881
-0.7836734693877552
-0.7868852459016393
-0.7494145199063232
-0.795360397680199
-0.794044665012407
-0.794044665012407
-0.8
-0.8074011774600506
-0.8347826086956522
-0.7907742998352554
-0.8060453400503779
-0.8128704487722269
-0.7855973813420623
-0.78239608801956
-0.8205128205128206
-0.7875307629204267
-0.7901234567901235
-0.7868852459016393
-0.795360397680199
-0.7888249794576829
-0.774818401937046
-0.7901234567901235
-0.7476635514018691
-0.7661612130885875
-0.774818401937046
-0.7600950118764845
-0.7436096049573975
-0.7430340557275542
-0.7470817120622568
-0.7245283018867925
-0.7218045112781954
-0.7012417823228635
-0.7148175725986599
-0.735632183908046
-0.7022677395757133
-0.6926406926406927
-0.6866952789699572
-0.6813342796309441
-0.6971677559912854
-0.6639004149377594
-0.6521739130434783
-0.6570841889117043
-0.6262230919765167
-0.6340819022457068
-0.6295081967213115
-0.6258148631029987
-0.5944272445820433
-0.602258469259724
-0.602258469259724
-0.6037735849056605
-0.5832320777642771
-0.5660377358490566
-0.560093348891482
-0.5372132064913263
-0.5520414031052329
-0.5220228384991844
-0.5245901639344263
-0.522591181273816
-0.498960498960499
-0.5026178010471205
-0.49844236760124616
-0.4885496183206108
-0.4940813175501802
-0.49561177077955604
-0.49079754601227
-0.4778496764559482
-0.48338368580060426
-0.481444332998997
-0.4752475247524752
-0.49357326478149105
-0.47856430707876374
-0.48048048048048053
-0.48216976393771976
-0.4809619238476954
-0.481685900652283
-0.4902962206332993
-0.4766633565044688
-0.48582995951417013
-0.4910485933503837
-0.4761904761904762
-0.4848484848484849
-0.4853387259858443
-0.48048048048048053
-0.4885496183206108
-0.49947970863683666
-0.5026178010471205
-0.512273212379936
-0.5084745762711865
-0.507936507936508
-0.49433573635427397
-0.518918918918919
-0.5133689839572193
-0.5203252032520326
-0.5336297943301835
-0.5191995673336939
-0.5248769819573538
-0.534521158129176
-0.5381165919282511
-0.5454545454545455
-0.5411499436302142
-0.5360134003350084
-0.5393258426966293
-0.547320410490308
-0.5568445475638052
-0.5514072372199885
-0.5514072372199885
-0.5555555555555556
-0.5584642233856894
-0.5704099821746881
-0.5793602896801449
-0.5790108564535585
-0.5637110980622432
-0.5680473372781065
-0.5574912891986064
-0.573134328358209
-0.5900430239704979
-0.5724508050089446
-0.5893186003683242
-0.5947955390334573
-0.5807622504537205
-0.5955334987593053
-0.5896805896805897
-0.6106870229007634
-0.592958616429895
-0.625
-0.630749014454665
-0.5832320777642771
-0.606826801517067
-0.6229720960415315
-0.6153846153846154
-0.6229720960415315
-0.6072106261859583
-0.6266318537859009
-0.6241872561768531
-0.6149903907751442
-0.6037735849056605
-0.6060606060606061
-0.5973864343497199
-0.588957055214724
-0.6102987921169739
-0.6015037593984962
-0.6217616580310882
-0.5907692307692308
-0.6138107416879797
-0.6213592233009709
-0.6083650190114069
-0.5947955390334573
-0.6134185303514378
-0.6118546845124283
-0.5955334987593053
-0.6095238095238096
-0.6049149338374292
-0.5955334987593053
-0.6075949367088608
-0.600375234521576
-0.5944272445820433
-0.6049149338374292
-0.600375234521576
-0.5828779599271403
-0.5947955390334573
-0.594059405940594
-0.5842970176506391
-0.5878750765462339
-0.5751947273816657
-0.5857230018303844
-0.5707491082045184
-0.5885959534028204
-0.5875152998776011
-0.5977584059775841
-0.5896805896805897
-0.5914972273567468
-0.5846528623629721
-0.592227020357804
-0.5627198124267292
-0.588957055214724
-0.575884823035393
-0.5693950177935942
-0.5804111245465539
-0.5587892898719441
-0.5604203152364273
-0.5832320777642771
-0.5653710247349825
-0.539629005059022
-0.5594405594405595
-0.5667060212514758
-0.5526770293609672
-0.5591147350029121
-0.5751947273816657
-0.5643738977072311
-0.5597667638483965
-0.5568445475638052
-0.5491990846681922
-0.5517241379310345
-0.553314121037464
-0.5804111245465539
-0.5542725173210162
-0.5498281786941581
-0.5687203791469195
-0.5584642233856894
-0.5517241379310345
-0.5542725173210162
-0.5536332179930796
-0.548885077186964
-0.5637110980622432
-0.5660377358490566
-0.5620608899297423
-0.5372132064913263
-0.5286343612334802
-0.5476326297775242
-0.545144804088586
-0.5617320070216502
-0.5587892898719441
-0.5495134516313681
-0.5614035087719299
-0.5571677307022636
-0.5491990846681922
-0.5565217391304348
-0.5408450704225352
-0.5411499436302142
-0.5604203152364273
-0.5610753945061369
-0.5555555555555556
-0.5445263754963131
-0.545144804088586
-0.5650382577987052
-0.5523590333716917
-0.5526770293609672
-0.5783132530120482
-0.5552342394447658
-0.56973293768546
-0.5470085470085471
-0.5517241379310345
-0.5542725173210162
-0.5846528623629721
-0.5504587155963303
-0.5485714285714286
-0.534521158129176
-0.5633802816901409
-0.5704099821746881
-0.5617320070216502
-0.5555555555555556
-0.5594405594405595
-0.5637110980622432
-0.553314121037464
-0.5372132064913263
-0.558139534883721
-0.5536332179930796
-0.5607476635514019
-0.548258138206739
-0.553314121037464
-0.555877243775333
-0.5653710247349825
-0.5514072372199885
-0.5677114133648729
-0.5501432664756447
-0.5710886377156454
-0.5604203152364273
-0.5667060212514758
-0.5657041838538598
-0.576923076923077
-0.5555555555555556
-0.5818181818181818
-0.5724508050089446
-0.5704099821746881
-0.5568445475638052
-0.5393258426966293
-0.5578152237071471
-0.5594405594405595
-0.5587892898719441
-0.5765765765765767
-0.5677114133648729
-0.5653710247349825
-0.5637110980622432
-0.5523590333716917
-0.5707491082045184
-0.564042303172738
-0.5561993047508691
-0.5667060212514758
-0.5526770293609672
-0.5594405594405595
-0.5741626794258373
-0.5607476635514019
-0.5680473372781065
-0.5647058823529413
-0.5523590333716917
-0.6142034548944337
-0.5700712589073634
-0.560093348891482
-0.5647058823529413
-0.5790108564535585
-0.5643738977072311
-0.5510907003444317
-0.5614035087719299
SHOOT
-0.5807622504537205
-0.5727923627684965
-0.5690574985180795
-0.560093348891482
-0.5741626794258373
-0.41884816753926707
-0.42013129102844643
-0.44526901669758817
-0.45028142589118203
-0.4405690683799909
-0.46153846153846156
-0.45823389021479716
-0.4712812960235641
-0.48216976393771976
-0.4826546003016592
-0.4766633565044688
-0.4951005673027334
-0.5047318611987383
-0.4831404126824359
-0.5052631578947369
-0.5217391304347826
-0.5228758169934641
-0.5103668261562999
-0.5378151260504201
-0.5277625068719076
-0.538418395961862
-0.5263157894736843
-0.5568445475638052
-0.558139534883721
-0.5501432664756447
-0.5463858850313034
-0.5417607223476298
-0.5420666290231508
-0.5402363534046146
-0.5277625068719076
-0.5169628432956381
-0.49973971889640817
-0.4701273261508325
-0.481685900652283
-0.4584527220630373
-0.4223493180818302
-0.40626322471434617
-0.37194885703215813
-0.374853572823116
-0.34845735027223235
-0.3279808677827127
-0.3156856297270635
-0.31128404669260706
-0.2742857142857143
-0.26785714285714285
-0.24857586742620405
-0.24980483996877442
-0.22284122562674097
-0.20596438532503755
-0.213713268032057
-0.17660044150110377
-0.1795399289321115
-0.17084890549919918
-0.15444015444015446
-0.15080113100848258
-0.14364806224749366
-0.13451029844472467
-0.1231084893562452
-0.1146268656716418
-0.11120120467971736
-0.10289389067524117
-0.10142630744849446
-0.09057458250778376
-0.08452192287374538
-0.0793322865878853
-0.06968135297960369
-0.07022163704191355
-0.06284779050736498
-0.06273689713762907
-0.05780694887697959
-0.05217958473747147
-0.04682241623177097
-0.04439511653718091
-0.041279669762641906
-0.036406386286927835
-0.034883720930232565
-0.03193825271142458
-0.027756895853813683
-0.025811308579571424
-0.02310914255452314
-0.021515015688032275
-0.01923192499549252
-0.016781163144370444
-0.0148975791433892
-0.012842809364548496
-0.010885341074020321
-0.009488603791487932
-0.008370754675851246
-0.0069736020107219136
-0.005341077896282944
-0.004165780715038902
-0.003388921052259987
-0.0023662805028346074
-0.0018795667598618519
-0.0015393027279330532
-0.0015393027279330532
-0.0015393027279330532
-0.0015393027279330532
-0.0015393027279330532
-0.0015393027279330532
-0.0015393027279330532
-0.0015393027279330532
-0.0015393027279330532
-0.0015393027279330532
-0.0015393027279330532
-0.0015393027279330532
-0.0015393027279330532
-0.0015393027279330532
-0.0015393027279330532
-0.0015393027279330532
-0.0015393027279330532
-0.0015393027279330532
-0.0015393027279330532
-0.0015393027279330532
-0.0015393027279330532
-0.0
-0.0
-0.0
-0.0
-0.0
-0.0
-0.0
-0.0
-0.0
-0.0
-0.0
-0.0
-0.0
-0.0
-0.0
-0.0
-0.0
-0.0
-0.0
-0.0
-0.0
-0.0
-0.0
-0.0
-0.0
-0.0
-0.0
-0.0
-0.0
-0.0
-0.0
-0.0
-0.0
-0.0
-0.0
-0.0
-0.0
-0.0
-0.0
-0.0
-0.0
-0.0
-0.0
-0.0
-0.0
-0.0
-0.0
-0.0
-0.0
-0.0
-0.0
-0.0
-0.0
-0.0
-0.0
-0.0
-0.0
-0.0
-0.0
-0.0
-0.0
-0.0
-0.0
-0.0
-0.0
-0.0
-0.0
-0.0
-0.0
-0.0
-0.0
-0.0
-0.0
-0.0
-0.0
-0.0
-0.0
-0.0
-0.0
-0.0
-0.0
-0.0
-0.0
-0.0
-0.0
-0.0
-0.0
-0.0
-0.0
-0.0
-0.0
-0.0
-0.0
-0.0
-0.0
-0.0
-0.0
-0.0
-0.0
-0.0
-0.0
-0.0
-0.0
-0.0
-0.0
-0.0
-0.0
-0.0
-0.0
-0.0
-0.0
-0.0
-0.0
-0.0
-0.0
-0.0
-0.0
-0.0
-0.0
-0.0
-0.0
-1.1444093161117215E-4
-0.004100041000410004
-0.004610375265336701
-0.010455010781729869
-0.015612040786456557
-0.023826661040927257
-0.033375052148518984
-0.04739102532457916
-0.05481016271767057
-0.06471619253067279
-0.07971435688781865
-0.09226333493512735
-0.10922744339515304
-0.13041706289906263
-0.14523449319213314
-0.16096579476861167
-0.173850054328142
-0.19520130134200894
-0.2111746590409151
-0.215633423180593
-0.2591792656587473
-0.256136606189968
-0.2612244897959184
-0.29776674937965264
-0.3025527891585251
-0.33126293995859213
-0.3370786516853933
-0.36994219653179194
-0.3855421686746988
-0.38678485092667203
-0.40712468193384227
-0.41184041184041187
-0.4330175913396482
-0.4423963133640553
-0.45801526717557256
-0.46242774566473993
-0.4915514592933948
-0.4920553562275756
-0.518918918918919
-0.5186385737439222
-0.5214557305812059
-0.5390230207748457
-0.573134328358209
-0.5647058823529413
-0.6037735849056605
-0.5882352941176472
-0.588957055214724
-0.6245933636955108
-0.6254071661237786
-0.6165703275529866
-0.5772699939867709
-0.6357615894039736
-0.6535057862491491
-0.6579849211788897
-0.664819944598338
-0.6607019958706126
-0.6765327695560254
-0.715350223546945
-0.6813342796309441
-0.7207207207207208
-0.6823027718550106
-0.7223476297968398
-0.7212622088655147
-0.7228915662650602
-0.7111111111111111
-0.7350689127105666
-0.7322654462242564
-0.768
-0.7600950118764845
-0.7529411764705883
-0.7855973813420623
-0.7553107789142408
-0.7855973813420623
-0.840630472854641
-0.8020050125313284
-0.7894736842105263
-0.7792207792207794
-0.8080808080808081
-0.8376963350785341
-0.7901234567901235
-0.8318890814558059
-0.8311688311688312
-0.828300258843831
-0.795360397680199
-0.8261617900172118
-0.8226221079691518
-0.8421052631578948
-0.8261617900172118
-0.7973421926910299
-0.8040201005025127
-0.8326105810928014
-0.8114961961115809
-0.8191126279863482
-0.8
-0.8219178082191781
-0.8101265822784811
-0.7594936708860761
-0.7862407862407863
-0.8114961961115809
-0.7625099285146942
-0.761904761904762
-0.7606973058637084
-0.761904761904762
-0.7482462977396727
-0.7523510971786835
-0.7116382505559674
-0.7494145199063232
-0.7350689127105666
-0.6866952789699572
-0.7038123167155427
-0.7111111111111111
-0.6827880512091038
-0.6657420249653261
-0.6732117812061711
-0.6395736175882746
-0.6486486486486487
-0.6460296096904442
-0.65439672801636
-0.6311637080867851
-0.6442953020134229
-0.6030150753768845
-0.6130268199233717
-0.6213592233009709
-0.5710886377156454
-0.5710886377156454
-0.5727923627684965
-0.5717689100655152
-0.5495134516313681
-0.5578152237071471
-0.558139534883721
-0.5470085470085471
-0.5454545454545455
-0.5283434232250963
-0.54421768707483
-0.505795574288725
-0.5090137857900319
-0.5060622034791776
-0.49870129870129876
-0.5164066702528242
-0.5106382978723405
-0.4802401200600301
-0.489047376464595
-0.4853387259858443
-0.4895461499235084
-0.48780487804878053
-0.4769001490312966
-0.4740740740740741
-0.47548291233283807
-0.4752475247524752
-0.4836272040302267
-0.4752475247524752
-0.46989720998531576
-0.4761904761904762
-0.4664723032069971
-0.4848484848484849
-0.46760837798343885
-0.48289738430583506
-0.4747774480712167
-0.48460373548712776
-0.4848484848484849
-0.48048048048048053
-0.4766633565044688
-0.48780487804878053
-0.49947970863683666
-0.49382716049382724
-0.5052631578947369
-0.4979253112033195
-0.5090137857900319
-0.498960498960499
-0.5042016806722689
-0.5028810895756941
-0.5128205128205129
-0.507936507936508
-0.5220228384991844
-0.5220228384991844
-0.5180787911494873
-0.5348189415041783
-0.5445263754963131
-0.5399325084364455
-0.5375139977603584
-0.5542725173210162
-0.5591147350029121
-0.5637110980622432
-0.5587892898719441
-0.5510907003444317
-0.5614035087719299
-0.5683836589698047
-0.576923076923077
-0.5520414031052329
-0.5710886377156454
-0.5704099821746881
-0.5783132530120482
-0.5807622504537205
-0.5825242718446603
-0.5970149253731343
-0.5772699939867709
-0.5955334987593053
-0.5893186003683242
-0.6153846153846154
-0.6095238095238096
-0.582171012734991
-0.6102987921169739
-0.6122448979591837
-0.6018808777429467
-0.6079797340088664
-0.6099110546378653
-0.604153555695406
-0.5973864343497199
-0.6087507926442614
-0.6114649681528663
-0.6049149338374292
-0.6072106261859583
-0.6193548387096774
-0.6015037593984962
-0.6114649681528663
-0.6102987921169739
-0.6072106261859583
-0.6033940917661849
-0.6037735849056605
-0.617363344051447
-0.611075747931254
-0.6060606060606061
-0.6138107416879797
-0.6091370558375635
-0.6181584030907921
-0.6060606060606061
-0.6142034548944337
-0.6018808777429467
-0.595903165735568
-0.5936920222634509
-0.6033940917661849
-0.6060606060606061
-0.5936920222634509
-0.6045340050377834
-0.592958616429895
-0.5846528623629721
-0.6033940917661849
-0.6099110546378653
-0.5907692307692308
-0.5748502994011977
-0.5783132530120482
-0.596273291925466
-0.582171012734991
-0.5693950177935942
-0.591861898890259
-0.573134328358209
-0.5755395683453238
-0.573134328358209
-0.5523590333716917
-0.5429864253393666
-0.5627198124267292
-0.5714285714285715
-0.5633802816901409
-0.5660377358490566
-0.5690574985180795
-0.5617320070216502
-0.5710886377156454
-0.5667060212514758
-0.5507745266781412
-0.5663716814159292
-0.5597667638483965
-0.545144804088586
-0.548885077186964
-0.5587892898719441
-0.5704099821746881
-0.5610753945061369
-0.548258138206739
-0.539629005059022
SHOOT
-0.5348189415041783
-0.5555555555555556
-0.5333333333333334
-0.4113110539845759
-0.43243243243243246
-0.4308797127468582
-0.440973817179605
-0.45240339302544774
-0.43596730245231613
-0.44985941893158393
-0.46897899364924284
-0.47595438770451165
-0.47360631475086334
-0.4826546003016592
-0.47952047952047955
-0.4776119402985075
-0.4776119402985075
-0.4915514592933948
-0.5087440381558029
-0.5206073752711498
-0.5191995673336939
-0.51009564293305
-0.5214557305812059
-0.5136436597110755
-0.5047318611987383
-0.49844236760124616
-0.5052631578947369
-0.48460373548712776
-0.48460373548712776
-0.4790419161676647
-0.45584045584045585
-0.4477611940298508
-0.45325779036827196
-0.4132587171760655
-0.3927986906710311
-0.37573385518591
-0.35139092240117137
-0.33910279053338044
-0.3167271527548664
-0.30466518565534756
-0.29887920298879206
-0.2632300520976145
-0.2635914332784185
-0.23898431665421957
-0.22999520843315768
-0.21993127147766325
-0.19131127939418097
-0.20828813191581688
-0.17797552836484984
-0.1647503003260683
-0.17027314650585315
-0.15709376534118805
-0.1423698650452321
-0.1352112676056338
-0.12911903160726296
-0.1228878648233487
-0.10990269032627363
-0.09499307342172968
-0.08566839193289309
-0.08712224339776749
-0.0818274803954995
-0.075626280132346
-0.07108478341355054
-0.06494385062914357
-0.0574712643678161
-0.052088985349972874
-0.05125740829729297
-0.045884714654430746
-0.042273988286582416
-0.03972687771570454
-0.03774623520622813
-0.03493958363662834
-0.032471925314571784
-0.02790535433986396
-0.02359070133189168
-0.02153576956726563
-0.019180052745145053
-0.016399043389135635
-0.01582252402221746
-0.012518092555646834
-0.010602579961123876
-0.009441941892715935
-0.007775042114811456
-0.006582781911063874
-0.005446530389937535
-0.003913718807457265
-0.0026565937487028355
-0.0022023349338496584
-0.0014360766386232813
-0.0014360766386232813
-0.0014360766386232813
-0.0014360766386232813
-0.0014360766386232813
-0.0014360766386232813
-0.0014360766386232813
-0.0014360766386232813
-0.0014360766386232813
-0.0014360766386232813
-0.0014360766386232813
-0.0014360766386232813
-0.0014360766386232813
-0.0014360766386232813
-0.0014360766386232813
-0.0014360766386232813
-0.0014360766386232813
-0.0014360766386232813
-0.0014360766386232813
-0.0014360766386232813
-0.0014360766386232813
-0.0
-0.0
-0.0
-0.0
-0.0
-0.0
-0.0
-0.0
-0.0
-0.0
-0.0
-0.0
-0.0
-0.0
-0.0
-0.0
-0.0
-0.0
-0.0
-0.0
-0.0
-0.0
-0.0
-0.0
-0.0
-0.0
-0.0
-0.0
-0.0
-0.0
-0.0
-0.0
-0.0
-0.0
-0.0
-0.0
-0.0
-0.0
-0.0
-0.0
-0.0
-0.0
-0.0
-0.0
-0.0
-0.0
-0.0
-0.0
-0.0
-0.0
-0.0
-0.0
-0.0
-0.0
-0.0
-0.0
-0.0
-0.0
-0.0
-0.0
-0.0
-0.0
-0.0
-0.0
-0.0
-0.0
-0.0
-0.0
-0.0
-0.0
-0.0
-0.0
-0.0
-0.0
-0.0
-0.0
-0.0
-0.0
-0.0
-0.0
-0.0
-0.0
-0.0
-0.0
-0.0
-0.0
-0.0
-0.0
-0.0
-0.0
-0.0
-0.0
-0.0
-0.0
-0.0
-0.0
-0.0
-0.0
-0.0
-0.0
-0.0
-0.0
-0.0
-0.0
-0.0
-0.0
-0.0
-0.0
-0.0
-0.0
-0.0
-0.0
-0.0
-0.0
-0.0
-0.0
-0.0
-0.0
-0.0
-0.0
-0.0
-0.0
-0.0
-0.0
-0.0
-0.0
-0.0
-0.0
-0.0
-0.0
-0.0
-0.0
-0.0
-0.0
-0.0
-0.0
-0.0
-0.0
-0.0
-0.0
-0.0
-0.0
-0.0
-0.0
-0.0
-0.0
-0.0
-0.0
-0.0
-0.0
-0.0
-0.0
-0.0
-0.0
-0.0
-0.0
-0.0
-0.0
-0.0
-0.0
-0.0
-0.0
-0.0
-0.0
-0.0
-0.0
-0.0
-0.0
-0.0
-0.0
-0.0
-0.0
-0.0
-0.0
-0.0
-0.0
-0.0
-0.0
-0.0
-0.0
-0.0
-0.0
-0.0
-0.0
-0.0
-0.0
-0.0
-0.0
-0.0
-0.0
-0.0
-0.0
-0.0
-0.0
-0.0
-0.0
-0.0
-0.0
-0.0
-0.0
-0.0
-0.0
-0.0
-0.0
-0.0
-0.0
-0.0
-0.0
-0.0
-0.0
-0.0
-0.0
-0.0
-0.0
-0.0
-0.0
-0.0
-0.0
-0.0
-0.0
-0.0
-0.0
-0.0
-0.0
-0.0
-0.0
-0.0
-0.0
-0.0
-0.0
-0.0
-0.0
-0.0
-0.0
-0.0
-0.0
-0.0
-0.0
-0.0
-0.0
-0.0
-0.0
-0.0
-0.0
-0.0
-0.0
-0.0
-0.0
-0.0
-0.0
-0.0
-0.0
-0.0
-0.0
-0.0
-0.0
-0.0
-0.0
-0.0
-0.0
-0.0
-0.0
-0.0
-0.0
-0.0
-0.0
-0.0
-0.0
-0.0
-0.0
-0.0
-0.0
-0.0
-0.0
-0.0
-0.0
-0.0
-0.0
-0.0
-0.0
-0.0
-0.0
-0.0
-0.0
-0.0
-0.0
-0.0
-0.0
-0.0
-0.0
-0.0
-0.0
-0.0
-0.0
-0.0
-0.0
-0.0
-0.0
-0.0
-0.0
-0.0
-0.0
-0.0
-0.0
-0.0
-0.0
-0.0
-0.0
-0.0
-0.0
-0.0
-0.0
-0.0
-0.0
-0.0
-0.0
-0.0
-0.0
-0.0
-0.0
-0.0
-0.0
-0.0
-0.0
-0.0
-0.0
-0.0
-0.0
-0.0
-0.0
-0.0
-0.0
-0.0
-0.0
-0.0
-0.0
-0.0
-0.0
-0.0
-0.0
-0.0
-0.0
-0.0
-0.0
-0.0
-0.0
-0.0
-0.0
-0.0
-0.0
-0.0
-0.0
-0.0
-0.0
-0.0
-0.0
-0.0
-0.0
-0.0
-0.0
-0.0
-0.0
-0.0
-0.0
-0.0
-0.0
-0.0
-0.0
-0.0
-0.0
-0.0
-0.0
-0.0
-0.0
-0.0
-0.0
-0.0
-0.0
-0.0
-0.0
-0.0
-0.0
-0.0
-0.0
-0.0
-0.0
-0.0
-0.0
-0.0
-0.0
-0.0
-0.0
-0.0
-0.0
-0.0
-0.0
-0.0
-0.0
-0.0
-0.0
-0.0
-0.0
-0.0
-0.0
-0.0
-0.0
-0.0
-0.0
-0.0
-0.0
-0.0
-0.0
-0.0
-0.0
-0.0
-0.0
-0.0
-0.0
-0.0
-0.0
-0.0
-0.0
-0.0
-0.0
-0.0
-0.0
-0.0
-0.0
-0.0
-0.007545805396822903
-0.004618382123012532
-0.009902930648538803
-0.01823465724542709
-0.02537266095781795
-0.03535651149086624
-0.04847995152004848
-0.0582171012734991
-0.07072344187417122
-0.08551576696953501
-0.09849184364419822
-0.11389251393996916
-0.126149802890933
-0.1457416122665857
-0.15350175887432044
-0.18045112781954886
-0.18968583283935983
-0.20689655172413793
-0.22917164000954882
-0.24628014366341716
-0.256
-0.29055690072639223
-0.2755453501722159
-0.3171456888007929
-0.3123983078424992
-0.3535911602209945
-0.3521643433602348
-0.37647058823529417
-0.37194885703215813
-0.39883672621520566
-0.42402826855123676
-0.4266666666666667
-0.4554079696394687
-0.4593301435406699
-0.46131667467563675
-0.484359233097881
-0.4940813175501802
-0.5082053996823717
-0.5292171995589857
-0.5405405405405406
-0.548885077186964
-0.5539526832083094
-0.5620608899297423
-0.5755395683453238
-0.5828779599271403
-0.5904059040590406
-0.5970149253731343
-0.5878750765462339
-0.6336633663366337
-0.6643598615916956
-0.6451612903225807
-0.6430006697923644
-0.6911447084233262
-0.6570841889117043
-0.6680584551148225
-0.6886657101865137
-0.6936416184971098
-0.6956521739130436
-0.6997084548104956
-0.7494145199063232
-0.6871868289191125
-0.7132243684992571
-0.7345065034429992
-0.7345065034429992
-0.7535321821036106
-0.7594936708860761
-0.7606973058637084
-0.748829953198128
-0.7655502392344499
-0.7766990291262137
-0.7717041800643087
-0.7710843373493976
-0.7760711398544867
-0.8304498269896194
-0.7804878048780489
-0.7811228641171684
-0.8053691275167786
-0.7862407862407863
-0.8013355592654424
-0.8114961961115809
-0.7966804979253113
-0.7980049875311721
-0.8156329651656754
-0.8362369337979094
-0.8212147134302823
-0.7914262159934048
-0.825451418744626
-0.7973421926910299
-0.7836734693877552
-0.8060453400503779
-0.7933884297520661
-0.8226221079691518
-0.8033472803347281
-0.7830342577487766
-0.7661612130885875
-0.7927332782824114
-0.7723250201126308
-0.7875307629204267
-0.7529411764705883
-0.8006672226855713
-0.7345065034429992
-0.7960199004975125
-0.7378939277478863
-0.7283763277693475
-0.719640179910045
-0.6971677559912854
-0.6916426512968301
-0.7373271889400922
-0.7100591715976331
-0.6986899563318777
-0.6798866855524079
-0.653061224489796
-0.6774876499647142
-0.6784452296819788
-0.653061224489796
-0.6557377049180328
-0.6400000000000001
-0.6237816764132553
-0.6118546845124283
-0.6201550387596899
-0.5842970176506391
-0.5907692307692308
-0.5811138014527845
-0.5981308411214954
-0.5748502994011977
-0.5597667638483965
-0.5807622504537205
-0.5633802816901409
-0.5597667638483965
-0.5637110980622432
-0.5526770293609672
-0.5324459234608986
-0.5292171995589857
-0.5402363534046146
-0.5186385737439222
-0.5245901639344263
-0.5084745762711865
-0.5200433369447455
-0.5087440381558029
-0.5128205128205129
-0.5114544485881727
-0.5020920502092051
-0.5018295870360691
-0.5005213764337852
-0.5018295870360691
-0.49004594180704447
-0.47976011994003004
-0.48681541582150106
-0.4757185332011893
-0.47595438770451165
-0.4824120603015076
-0.47081902893575284
-0.4831404126824359
-0.47595438770451165
-0.4925602873268343
-0.4617604617604618
-0.4750123701138051
-0.4740740740740741
-0.4712812960235641
-0.47081902893575284
-0.47454275827978254
-0.4831404126824359
-0.48879837067209775
-0.489795918367347
-0.49230769230769234
-0.49844236760124616
-0.5020920502092051
-0.4953560371517028
-0.5013054830287207
-0.5007824726134585
-0.5254515599343186
-0.5136436597110755
-0.5248769819573538
-0.53156146179402
-0.5223068552774756
-0.525164113785558
-0.5280528052805281
-0.5044666316342618
-0.526027397260274
-0.5520414031052329
-0.5454545454545455
-0.5501432664756447
-0.555877243775333
-0.5687203791469195
-0.5667060212514758
-0.5741626794258373
-0.5660377358490566
-0.5687203791469195
-0.5663716814159292
-0.5633802816901409
-0.5914972273567468
-0.5561993047508691
-0.5988771054273239
-0.5904059040590406
-0.5893186003683242
-0.5707491082045184
-0.5657041838538598
-0.5835866261398177
-0.5680473372781065
-0.5875152998776011
-0.5839416058394161
-0.5911330049261084
-0.592227020357804
-0.5896805896805897
-0.5885959534028204
-0.6072106261859583
-0.6134185303514378
-0.5751947273816657
-0.6030150753768845
-0.5885959534028204
-0.5985037406483791
-0.6056782334384858
-0.6030150753768845
-0.5973864343497199
-0.6091370558375635
-0.5988771054273239
-0.602258469259724
-0.6007509386733417
-0.6138107416879797
-0.6233766233766234
-0.6185567010309279
-0.6374501992031872
-0.6282722513089005
-0.5970149253731343
-0.5814657783161721
-0.6007509386733417
-0.58679706601467
-0.6102987921169739
-0.5896805896805897
-0.6106870229007634
-0.6138107416879797
-0.5925925925925927
-0.5828779599271403
-0.5857230018303844
-0.6134185303514378
-0.58679706601467
-0.5724508050089446
-0.6209573091849936
-0.5996252342286071
-0.5864386072083079
-0.5797101449275363
-0.5783132530120482
-0.5832320777642771
-0.5970149253731343
-0.6060606060606061
-0.588957055214724
-0.5800604229607251
-0.5864386072083079
-0.5860805860805861
-0.576923076923077
-0.5804111245465539
-0.5800604229607251
-0.5793602896801449
-0.5783132530120482
-0.5653710247349825
-0.5973864343497199
-0.5529953917050692
-0.56973293768546
-0.5721096543504173
-0.5584642233856894
-0.5495134516313681
-0.5591147350029121
-0.548885077186964
-0.5463858850313034
-0.5552342394447658
-0.5594405594405595
-0.5529953917050692
-0.560093348891482
-0.5470085470085471
-0.5504587155963303
-0.5363128491620113
-0.5520414031052329
-0.5411499436302142
-0.5683836589698047
-0.5381165919282511
-0.5378151260504201
-0.5687203791469195
-0.5399325084364455
-0.5360134003350084
-0.5594405594405595
-0.5460750853242321
-0.5523590333716917
-0.5485714285714286
-0.545144804088586
-0.5539526832083094
-0.5643738977072311
-0.5607476635514019
-0.5454545454545455
-0.558139534883721
-0.5408450704225352
-0.555877243775333
-0.5495134516313681
-0.538418395961862
-0.532741398446171
-0.5510907003444317
-0.5630498533724341
-0.5357142857142857
-0.5578152237071471
-0.5504587155963303
-0.545144804088586
-0.545144804088586
-0.5408450704225352
-0.5491990846681922
SHOOT
-0.5351170568561873
-0.5738194859533772
SHOOT
-0.5555555555555556
-0.5520414031052329
-0.5457646389994315
-0.412725709372313
-0.4428044280442805
-0.43478260869565216
-0.4369594902139281
-0.4617604617604618
-0.45049272641952137
-0.46556741028128035
-0.46669907632474483
-0.47058823529411764
-0.4875571356018284
-0.46556741028128035
-0.48000000000000004
-0.496124031007752
-0.4824120603015076
-0.49689440993788825
-0.5130946018172101
-0.5150214592274678
-0.5266044980800878
-0.5309734513274337
-0.5420666290231508
-0.5420666290231508
-0.5457646389994315
-0.5405405405405406
-0.5439093484419264
-0.5561993047508691
-0.5303867403314918
-0.5360134003350084
-0.5485714285714286
-0.5476326297775242
-0.5420666290231508
-0.5280528052805281
-0.5164066702528242
-0.49947970863683666
-0.481685900652283
-0.46109510086455335
-0.4287628405538187
-0.39883672621520566
-0.3801980198019802
-0.3556872915894776
-0.3490909090909092
-0.3333333333333333
-0.320534223706177
-0.30447193149381546
-0.28368794326241137
-0.262582056892779
-0.2621518296013108
-0.23408924652523774
-0.23216444981862155
-0.22620169651272387
-0.19619865113427346
-0.2072091517375351
-0.1841903300076746
-0.1654601861427094
-0.1664643662216057
-0.1486528336946423
-0.14049465827601348
-0.1357658039881205
-0.1257367387033399
-0.12323491655969192
-0.10962658444672833
-0.10303745840935924
-0.09885696632684586
-0.08985398727068514
-0.0899297423887588
-0.0818903011174614
-0.07499414108272792
-0.0695702587143996
-0.06766281364533408
-0.06106870229007635
-0.056400916514893366
-0.052276192550642565
-0.04823635815495931
-0.04577531947358383
-0.04323155903809781
-0.03939754586120573
-0.03642987249544627
-0.03323754457639442
-0.03078896728672226
-0.027249503264263415
-0.0245417593373725
-0.02266342453787861
-0.020208824520040417
-0.01729293511546637
-0.015572028743369722
-0.014109969575378105
-0.012318589521499789
-0.010925106121473524
-0.009565563969709048
-0.00904593639575972
-0.006770958231651409
-0.006070839103792378
-0.004246735322221043
-0.0034527654493270703
-0.0025496721280997775
-0.002275636467074385
-0.0010332657764077439
-0.0010332657764077439
-0.0010332657764077439
-0.0010332657764077439
-1.988304626494905E-4
-0.0
1.5736435684203832E-4
1.5736435684203832E-4
2.9184059302008505E-4
2.9184059302008505E-4
2.9184059302008505E-4
2.9184059302008505E-4
2.9184059302008505E-4
2.9184059302008505E-4
2.9184059302008505E-4
2.9184059302008505E-4
2.9184059302008505E-4
2.9184059302008505E-4
2.9184059302008505E-4
2.9184059302008505E-4
2.9184059302008505E-4
2.9184059302008505E-4
2.9184059302008505E-4
2.9184059302008505E-4
2.9184059302008505E-4
2.9184059302008505E-4
2.9184059302008505E-4
2.9184059302008505E-4
2.9184059302008505E-4
-0.0
-0.0
-0.0
-0.0
-0.0
-0.0
-0.0
-0.0
-0.0
-0.0
-0.0
-0.0
-0.0
-0.0
-0.0
-0.0
-0.0
-0.0
-0.0
-0.0
-0.0
-0.0
-0.0
-0.0
-0.0
-0.0
-0.0
-0.0
-0.0
-0.0
-0.0
-0.0
-0.0
-0.0
-0.0
-0.0
-0.0
-0.0
-0.0
-0.0
-0.0
-0.0
-0.0
-0.0
-0.0
-0.0
-0.0
-0.0
-0.0
-0.0
-0.0
-0.0
-0.0
-0.0
-0.0
-0.0
-0.0
-0.0
-0.0
-0.0
-0.0
-0.0
-0.0
-0.0
-0.0
-0.0
-0.0
-0.0
-0.0
-0.0
-0.0
-0.0
-0.0
-0.0
-0.0
-0.0
-0.0
-0.0
-0.0
-0.0
-0.0
-0.0
-0.0
-0.0
-0.0
-0.0
-0.0
-0.0
-0.0
-0.0
-0.0
-0.0
-0.0
-0.0
-0.0
-0.0
-0.0
-0.0
-0.0
-0.0
-0.0
-0.0
-0.0
-0.0
-0.0
-0.0
-0.0
-0.0
-0.0
-0.0
-0.0
-0.0
-0.0
-0.0
-0.0
-0.0
-0.0
-0.0
-0.0
-0.0
-0.0
-0.0
-0.0
-0.0
-0.0
-0.0
-0.0
-0.0
-0.0
-0.0
-0.0
-0.0
