0.0
0.0
0.0
0.0
0.0
0.0
0.0
0.0
0.0
0.0
0.0
0.0
0.0
0.0
0.0
0.0
0.0
0.0
0.0
0.0
0.0
0.0
0.0
0.0
0.0
0.0
0.0
0.0
0.0
-8.444697785378006E-4
-8.444697785378006E-4
2.0254549045124604E-4
0.0033622274757026532
0.0046597870089021345
0.002890495388756575
-0.004090903279966932
-0.00793709849443163
-0.004796306843730328
-0.0032875023543311134
-7.693404988852577E-4
0.0040699868149385475
0.005554494801340023
0.0034896908715502956
0.0028029933633292557
6.440687972820297E-4
-0.0013177328406476657
-0.0021964746581736314
-0.002126900640507266
-0.0021391804264990974
-0.001693527900872167
0.0024071914845601233
0.0023568461470475596
0.0017430681267283155
0.0017430681267283155
3.6808319907243037E-4
-7.388542679224112E-4
-0.0013878407799665182
-0.0013878407799665182
-3.5310188975717623E-4
0.0
2.6047333431372606E-4
2.6047333431372606E-4
2.6047333431372606E-4
1.7195074900671576E-4
-2.2296005484817352E-4
-0.0017043608558021948
-0.0017311271080079056
6.011075406436359E-4
0.0036935862413912507
0.003160868448606255
0.0024067509363765362
0.0
-0.003949593315313314
-0.0032385495346271788
-0.002373476401216407
-0.002373476401216407
0.0011916184537012786
0.0022148649739868725
0.0016213997746929896
0.0011798597933278929
2.7974685241080594E-4
2.7974685241080594E-4
0.0
0.0
0.0
0.0
0.0
0.0
0.0
0.0
0.0
0.0
0.0
0.0
0.0
0.0
0.0
0.0
0.0
0.0
0.0
0.0
0.0
0.0
0.0
0.0
0.0
0.0
0.0
0.0
0.0
0.0
0.0
0.0
0.0
0.0
0.0
0.0
0.0
0.0
0.0
0.0
0.0
0.0
0.0
0.0
0.0
0.0
0.0
0.0
0.0
0.0
0.0
0.0
0.0
0.0
0.0
0.0
0.0
0.0
0.0
0.0
0.0
0.0
0.0
0.0
0.0
0.0
0.0
0.0
0.0
0.0
0.0
0.0
0.0
0.0
0.0
0.0
0.0
0.0
0.0
0.0
0.0
0.0
0.0
0.0
0.0
0.0
0.0
0.0
0.0
0.0
0.0
0.0
0.0
0.0
0.0
0.0
0.0
0.0
0.0
0.0
0.0
0.0
0.0
0.0
0.0
0.0
0.0
0.0
0.0
0.0
0.0
0.0
0.0
0.0
0.0
0.0
0.0
0.0
0.0
0.0
0.0
0.0
0.0
0.0
0.0
0.0
0.0
0.0
0.0
0.0
0.0
0.0
0.0
0.0
0.0
0.0
0.0
0.0
0.0
0.0
0.0
0.0
0.0
0.0
0.0
0.0
0.0
0.0
0.0
0.0
0.0
0.0
0.0
0.0
0.0
0.0
0.0
0.0
0.0
0.0
0.0
0.0
0.0
0.0
0.0
0.0
0.0
0.0
0.0
0.0
0.0
0.0
0.0
0.0
0.0
0.0
0.0
0.0
0.0
0.0
0.0
0.0
0.0
0.0
0.0
0.0
0.0
0.0
0.0
0.0
0.0
0.0
0.0
0.0
0.0
0.0
0.0
0.0
0.0
0.0
0.0
0.0
0.0
0.0
0.0
0.0
0.0
0.0
0.0
0.0
0.0
0.0
0.0
0.0
0.0
0.0
0.0
0.0
0.0
0.0
0.0
0.0
0.0
0.0
0.0
0.0
0.0
0.0
0.0
0.0
0.0
0.0
0.0
0.0
0.0
0.0
0.0
0.0
0.0
0.0
0.0
0.0
0.0
0.0
0.0
0.0
0.0
0.0
0.0
0.0
0.0
0.0
0.0
0.0
0.0
0.0
0.0
0.0
0.0
0.0
0.0
0.0
0.0
0.0
0.0
0.0
0.0
0.0
0.0
0.0
0.0
0.0
0.0
0.0
0.0
0.0
0.0
0.0
0.0
0.0
0.0
0.0
0.0
0.0
0.0
0.0
0.0
0.0
0.0
0.0
0.0
0.0
0.0
0.0
0.0
0.0
0.0
0.0
0.0
0.0
0.0
0.0
0.0
0.0
0.0
0.0
0.0
0.0
0.0
0.0
0.0
0.0
0.0
0.0
0.0
0.0
0.0
0.0
0.0
0.0
0.0
0.0
0.0
0.0
0.0
0.0
0.0
0.0
0.0
0.0
0.0
0.0
0.0
0.0
0.0
0.0
0.0
0.0
0.0
0.0
0.0
0.0
0.0
0.0
0.0
0.0
0.0
0.0
0.0
0.0
0.0
0.0
0.0
0.0
0.0
0.0
0.0
0.0
0.0
0.0
0.0
0.0
0.0
0.0
0.0
0.0
0.0
0.0
0.0
0.0
0.0
0.0
0.0
0.0
0.0
0.0
0.0
0.0
0.0
0.0
0.0
0.0
0.0
0.0
0.0
0.0
0.0
0.0
0.0
0.0
0.0
0.0
0.0
0.0
0.0
0.0
0.0
0.0
0.0
0.0
0.0
0.0
0.0
0.0
0.0
0.0
0.0
0.0
0.0
0.0
0.0
0.0
0.0
0.0
0.0
0.0
0.0
0.0
0.0
0.0
0.0
0.0
0.0
0.0
0.0
0.0
0.0
0.0
0.0
0.0
0.0
0.0
0.0
0.0
0.0
0.0
0.0
0.0
0.0
0.0
0.0
0.0
0.0
0.0
0.0
0.0
0.0
0.0
0.0
0.0
0.0
0.0
0.0
0.0
0.0
0.0
0.0
0.0
0.0
0.0
0.0
0.0
0.0
0.0
0.0
0.0
0.0
0.0
0.0
0.0
0.0
0.0
0.0
0.0
0.0
0.0
0.0
0.0
0.0
0.0
0.0
0.0
0.0
0.0
0.0
0.0
0.0
0.0
0.0
0.0
0.0
0.0
0.0
0.0
0.0
0.0
0.0
0.0
0.0
0.0
0.0
0.0
0.0
0.0
0.0
0.0
0.0
0.0
0.0
0.0
0.0
0.0
0.0
0.0
0.0
0.0
0.0
0.0
0.0
0.0
0.0
0.0
0.0
0.0
0.0
0.0
0.0
0.0
0.0
0.0
0.0
0.0
0.0
0.0
0.0
0.0
0.0
0.0
0.0
0.0
0.0
-0.005833738454059311
-0.01076088418598395
-0.004987945797655665
-0.012409995216981011
-0.02114537444933921
-0.030317385125532923
-0.0406039842659561
-0.052994755727297824
-0.06712347923367362
-0.08131458580382857
-0.09590409590409592
-0.10842557036367745
-0.13398464759246337
-0.14757878554957726
-0.1721355567509414
-0.1769911504424779
-0.20029209263509284
-0.21471706553343772
-0.2237762237762238
-0.2605156037991859
-0.2738944365192582
-0.31311154598825836
-0.324653364896855
-0.3438395415472779
-0.3588785046728972
-0.36418816388467373
-0.3815580286168522
-0.4085106382978724
-0.4314606741573034
-0.45801526717557256
-0.44880785413744745
-0.44734389561975774
-0.4712812960235641
-0.4838709677419355
-0.5106382978723405
-0.5090137857900319
-0.5411499436302142
-0.5667060212514758
-0.5411499436302142
-0.5904059040590406
-0.5850091407678245
-0.6138107416879797
-0.6091370558375635
-0.6045340050377834
-0.7007299270072993
-0.6643598615916956
-0.6961566352429297
-0.642570281124498
-0.6818181818181818
-0.7142857142857144
-0.6906474820143885
-0.7043286867204696
-0.7164179104477612
-0.718562874251497
-0.7373271889400922
-0.7212622088655147
-0.7283763277693475
-0.7250755287009064
-0.7766990291262137
-0.7436096049573975
-0.7673860911270983
-0.756501182033097
-0.7843137254901962
-0.7553107789142408
-0.7798537774167345
-0.7855973813420623
-0.8067226890756303
-0.7766990291262137
-0.768
-0.7933884297520661
-0.8121827411167513
-0.8074011774600506
-0.7779578606158833
-0.8247422680412372
-0.8149405772495757
-0.7779578606158833
-0.7735697018533441
-0.8128704487722269
-0.7920792079207921
-0.794044665012407
-0.7868852459016393
-0.7811228641171684
-0.7914262159934048
-0.8128704487722269
-0.795360397680199
-0.7322654462242564
-0.7698476343223738
-0.7785888077858881
-0.7811228641171684
-0.7717041800643087
-0.7436096049573975
-0.7600950118764845
-0.7559055118110236
-0.7191011235955057
-0.7223476297968398
-0.7218045112781954
-0.7137546468401488
-0.7095343680709536
-0.7100591715976331
-0.7272727272727274
-0.6991988346686089
-0.6852248394004283
-0.6901509705248023
-0.6770098730606487
-0.6784452296819788
-0.6727400140154169
-0.6951484431571325
-0.6852248394004283
-0.6404269513008674
-0.6495263870094723
-0.6258148631029987
-0.6400000000000001
-0.5985037406483791
-0.611075747931254
-0.588957055214724
-0.5811138014527845
-0.5832320777642771
-0.5670407560543415
-0.5970149253731343
-0.594059405940594
-0.5520414031052329
-0.5561993047508691
-0.5445263754963131
-0.5501432664756447
-0.5280528052805281
-0.5194805194805195
-0.5381165919282511
-0.5076679005817029
-0.505795574288725
-0.5044666316342618
-0.4855842185128984
-0.49561177077955604
-0.4910485933503837
-0.4776119402985075
-0.460431654676259
-0.4945904173106646
-0.4773744405768275
-0.48879837067209775
-0.46109510086455335
-0.4738400789733465
-0.4747774480712167
-0.46242774566473993
-0.4831404126824359
-0.4724409448818898
-0.47595438770451165
-0.5018295870360691
-0.481444332998997
-0.47290640394088673
-0.4885496183206108
-0.4757185332011893
-0.4783258594917788
-0.5042016806722689
-0.4870624048706241
-0.518918918918919
-0.46556741028128035
-0.4920553562275756
-0.5147453083109921
-0.5060622034791776
-0.499219968798752
-0.5214557305812059
-0.5266044980800878
-0.49973971889640817
-0.5245901639344263
-0.5186385737439222
-0.5042016806722689
-0.5378151260504201
-0.5448354143019296
-0.5339265850945496
-0.553314121037464
-0.5514072372199885
-0.5476326297775242
-0.5390230207748457
-0.5617320070216502
-0.5432937181663837
-0.5786618444846293
-0.5779650812763396
-0.5878750765462339
-0.6130268199233717
-0.5765765765765767
-0.5846528623629721
-0.6045340050377834
-0.5783132530120482
-0.600375234521576
-0.592227020357804
-0.592958616429895
-0.6102987921169739
-0.5885959534028204
-0.5907692307692308
-0.5657041838538598
-0.5853658536585366
-0.5988771054273239
-0.6011271133375078
-0.5947955390334573
-0.619754680438993
-0.604153555695406
-0.5776173285198556
-0.58679706601467
-0.6189555125725339
-0.612635609444799
-0.6189555125725339
-0.6037735849056605
-0.6274509803921569
-0.6193548387096774
-0.5871559633027523
-0.5925925925925927
-0.6324110671936759
-0.6177606177606179
-0.6209573091849936
-0.6142034548944337
-0.5714285714285715
-0.6165703275529866
-0.5947955390334573
-0.6181584030907921
-0.6142034548944337
-0.6165703275529866
-0.6102987921169739
-0.6451612903225807
-0.6177606177606179
-0.5914972273567468
-0.5853658536585366
-0.6079797340088664
-0.5951642901425915
-0.6091370558375635
-0.6201550387596899
-0.602258469259724
-0.6165703275529866
-0.5741626794258373
-0.6237816764132553
-0.591861898890259
-0.6007509386733417
-0.6274509803921569
-0.619754680438993
-0.6266318537859009
-0.5947955390334573
-0.595903165735568
-0.6079797340088664
-0.5966438781852083
-0.58679706601467
-0.6045340050377834
-0.6064434617814277
-0.5707491082045184
-0.5985037406483791
-0.592958616429895
-0.5818181818181818
-0.5850091407678245
-0.5800604229607251
-0.5578152237071471
-0.58679706601467
-0.599250936329588
-0.56973293768546
-0.5657041838538598
-0.5755395683453238
-0.5680473372781065
-0.5680473372781065
-0.5724508050089446
-0.5591147350029121
-0.5751947273816657
-0.582171012734991
-0.5797101449275363
-0.5660377358490566
-0.5700712589073634
-0.5620608899297423
-0.5704099821746881
-0.5387205387205387
-0.5565217391304348
-0.592227020357804
-0.5536332179930796
-0.5574912891986064
-0.5542725173210162
-0.5375139977603584
-0.5545927209705374
-0.5381165919282511
-0.5587892898719441
-0.5549132947976879
-0.564042303172738
-0.5526770293609672
-0.5630498533724341
-0.5414551607445008
-0.5330372015546919
-0.5360134003350084
-0.5426794799321651
-0.5463858850313034
-0.5448354143019296
-0.5673758865248227
-0.5607476635514019
-0.5436013590033976
-0.5381165919282511
-0.5463858850313034
-0.5520414031052329
-0.5336297943301835
-0.53156146179402
-0.5342237061769616
-0.5417607223476298
-0.558139534883721
-0.5568445475638052
-0.553314121037464
-0.5520414031052329
-0.5466970387243736
-0.5677114133648729
-0.5463858850313034
-0.5303867403314918
-0.5423728813559322
-0.5549132947976879
-0.5617320070216502
-0.5683836589698047
-0.5647058823529413
-0.547945205479452
-0.5574912891986064
-0.555877243775333
-0.5470085470085471
-0.5507745266781412
-0.553314121037464
-0.5670407560543415
-0.5721096543504173
-0.5755395683453238
-0.5584642233856894
-0.5717689100655152
-0.5807622504537205
-0.5811138014527845
-0.5680473372781065
-0.555877243775333
-0.5523590333716917
-0.5667060212514758
-0.592958616429895
-0.5853658536585366
-0.5745062836624776
-0.5914972273567468
-0.591861898890259
-0.5724508050089446
-0.5436013590033976
-0.5853658536585366
-0.5734767025089605
-0.5745062836624776
-0.5835866261398177
-0.5797101449275363
-0.5717689100655152
-0.5893186003683242
-0.5667060212514758
-0.600375234521576
-0.5765765765765767
-0.6030150753768845
-0.588957055214724
-0.5498281786941581
-0.582171012734991
-0.5850091407678245
-0.5800604229607251
-0.5653710247349825
-0.594059405940594
-0.5765765765765767
-0.6037735849056605
-0.5614035087719299
-0.5853658536585366
-0.5660377358490566
-0.576923076923077
-0.5578152237071471
-0.5529953917050692
-0.5893186003683242
-0.5748502994011977
-0.5818181818181818
-0.5875152998776011
-0.5871559633027523
-0.5707491082045184
-0.576923076923077
-0.576923076923077
-0.5680473372781065
-0.5687203791469195
-0.5650382577987052
SHOOT
-0.5643738977072311
-0.5660377358490566
-0.5690574985180795
-0.575884823035393
-0.5871559633027523
-0.4278074866310161
-0.43419267299864317
-0.428380187416332
-0.43775649794801647
-0.4357694053563323
-0.46556741028128035
-0.4761904761904762
-0.4838709677419355
-0.4783258594917788
-0.4826546003016592
-0.46783625730994155
-0.4979253112033195
-0.47856430707876374
-0.49129989764585474
-0.5114544485881727
-0.49382716049382724
-0.5068637803590286
-0.5360134003350084
-0.534521158129176
-0.530093870789619
-0.5448354143019296
-0.5018295870360691
-0.547320410490308
-0.5526770293609672
-0.547945205479452
-0.5414551607445008
-0.5393258426966293
-0.5381165919282511
-0.5042016806722689
-0.53156146179402
-0.5042016806722689
-0.4831404126824359
-0.481203007518797
-0.43321299638989175
-0.4152249134948097
-0.40626322471434617
-0.37617554858934177
-0.3690888119953864
-0.33368091762252344
-0.32542372881355935
-0.29822926374650516
-0.2785838653511318
-0.2671118530884808
-0.2691337258200168
-0.23494860499265788
-0.22775800711743774
-0.21912805295594615
-0.20574367766823834
-0.19559902200489
-0.18174933737220753
-0.17207384835992115
-0.16235413495687467
-0.1541178359287205
-0.14760147601476015
-0.13919095258808178
-0.12925811229298506
-0.12016522718738266
-0.11278195488721805
-0.10785305021907651
-0.10445000544010445
-0.0996988264617302
-0.09350345767994546
-0.086775738949652
-0.0814594823928723
-0.07316515509488607
-0.07119549095223969
-0.06492189085007101
-0.06371540452644854
-0.06277792309704422
-0.059712632953909314
-0.05257393209200439
-0.04927372581224658
-0.04523607577042692
-0.04161609155540143
-0.03778783703995277
-0.03510953443294445
-0.033398274422488175
-0.03128768373366359
-0.02917401081869568
-0.02844697306427238
-0.025697995021013467
-0.024242424242424242
-0.021603618606116523
-0.01999125382645093
-0.01858736059479554
-0.015806111696522657
-0.015210330349362276
-0.014111006585136407
-0.012350284957095625
-0.011235560549138024
-0.009669329089572234
-0.008100992371565518
-0.0064613396510876595
-0.0051893013903003314
-0.004148947204646821
-0.003256776469790006
-0.002727048055699957
-0.001930486402136405
-0.001525296082213459
-0.001525296082213459
-0.001525296082213459
-0.001525296082213459
-2.3596105462793366E-4
-2.3596105462793366E-4
0.0
3.366018778177259E-4
3.366018778177259E-4
3.366018778177259E-4
3.366018778177259E-4
3.366018778177259E-4
3.5419243939343074E-4
3.750244644865505E-4
3.54473361511504E-4
3.54473361511504E-4
3.54473361511504E-4
3.54473361511504E-4
3.54473361511504E-4
3.54473361511504E-4
3.54473361511504E-4
3.54473361511504E-4
3.54473361511504E-4
3.54473361511504E-4
3.54473361511504E-4
3.54473361511504E-4
3.54473361511504E-4
3.54473361511504E-4
3.54473361511504E-4
3.54473361511504E-4
3.54473361511504E-4
3.54473361511504E-4
3.54473361511504E-4
3.54473361511504E-4
0.0
0.0
0.0
0.0
0.0
0.0
0.0
0.0
0.0
0.0
0.0
0.0
4.2877203262955174E-4
5.66053088704057E-4
0.0
-0.001965356497243383
-0.001965356497243383
0.0
0.0015801376694944548
0.0015801376694944548
7.460743665168042E-4
7.460743665168042E-4
2.528618162853546E-4
-9.030194713573512E-4
-0.0017974263102020795
0.0
0.0
0.0
0.0
2.017808844560618E-4
2.017808844560618E-4
2.017808844560618E-4
2.017808844560618E-4
2.017808844560618E-4
2.017808844560618E-4
2.017808844560618E-4
2.017808844560618E-4
2.017808844560618E-4
2.017808844560618E-4
2.017808844560618E-4
2.017808844560618E-4
2.017808844560618E-4
2.017808844560618E-4
2.017808844560618E-4
5.869282997384134E-5
5.869282997384134E-5
5.869282997384134E-5
5.869282997384134E-5
5.869282997384134E-5
5.869282997384134E-5
2.7914474701925754E-4
2.7914474701925754E-4
2.7914474701925754E-4
4.53202156486928E-4
2.494161453825927E-4
2.494161453825927E-4
2.494161453825927E-4
2.494161453825927E-4
1.6313978836690954E-4
1.6313978836690954E-4
1.6313978836690954E-4
1.6313978836690954E-4
1.6313978836690954E-4
1.6313978836690954E-4
1.6313978836690954E-4
1.6313978836690954E-4
1.6313978836690954E-4
1.6313978836690954E-4
1.6313978836690954E-4
1.6313978836690954E-4
1.6313978836690954E-4
1.6313978836690954E-4
1.6313978836690954E-4
1.6313978836690954E-4
1.6313978836690954E-4
1.6313978836690954E-4
1.6313978836690954E-4
1.6313978836690954E-4
0.0
0.0
0.0
0.0
0.0
0.0
0.0
0.0
0.0
0.0
0.0
0.0
0.0
0.0
0.0
0.0
0.0
0.0
0.0
0.0
0.0
0.0
0.0
0.0
0.0
0.0
-0.0030653885699323704
-0.00336816105423441
-0.005052844330287591
-0.010714883643060438
-0.018336707796920964
-0.028844420407427438
-0.041623309053069726
-0.050906776964683424
-0.06639463310049104
-0.07625099285146943
-0.09453471196454949
-0.10610079575596817
-0.12683313515655967
-0.15120491415971019
-0.1596540828205555
-0.17897091722595077
-0.19615856150388233
-0.21462105969148224
-0.22181146025878004
-0.2593192868719611
-0.25862068965517243
-0.2877697841726619
-0.3107801877630301
-0.3135205747877205
-0.3539823008849558
-0.34934497816593885
-0.3733955659276546
-0.39199673336055535
-0.39817503110742436
-0.41775456919060056
-0.43815609310816983
-0.4485981308411215
-0.46065259117082535
-0.4860759493670886
-0.4860759493670886
-0.5387205387205387
-0.5312672938572219
-0.5498281786941581
-0.512
-0.5667060212514758
-0.5690574985180795
-0.5981308411214954
-0.6153846153846154
-0.6134185303514378
-0.6713286713286714
-0.6274509803921569
-0.6770098730606487
-0.6620689655172414
-0.6722689075630253
-0.6755805770584097
-0.6808510638297873
-0.7069219440353461
-0.7212622088655147
-0.736196319018405
-0.7367613200306984
-0.7424593967517402
-0.7643312101910829
-0.7649402390438248
-0.7407407407407407
-0.7588932806324111
-0.7661612130885875
-0.7459207459207461
-0.7875307629204267
-0.7843137254901962
-0.7741935483870968
-0.75
-0.78239608801956
-0.7300380228136882
-0.7272727272727274
-0.7174887892376682
-0.6616126809097175
-0.6926406926406927
-0.7079646017699116
-0.6570841889117043
-0.6217616580310882
-0.6114649681528663
-0.5914972273567468
-0.5904059040590406
-0.5811138014527845
-0.5700712589073634
-0.5620608899297423
-0.5647058823529413
-0.5390230207748457
-0.5073995771670191
-0.5245901639344263
-0.5071315372424723
-0.5076679005817029
-0.5417607223476298
-0.4860759493670886
-0.47220855878012796
-0.47430830039525695
-0.46692607003891057
-0.46624575036425453
-0.4635441815548045
-0.45368620037807184
-0.45627376425855515
-0.4646660212971927
-0.4547607768829939
-0.42534337616304835
-0.45176470588235296
-0.45584045584045585
-0.45670789724072314
-0.43815609310816983
-0.433996383363472
-0.4673807205452776
-0.4511278195488722
-0.4477611940298508
-0.4591104734576758
-0.45584045584045585
-0.4646660212971927
-0.4597701149425288
-0.47360631475086334
-0.47430830039525695
-0.48656867714140906
-0.48656867714140906
-0.48805287239450945
-0.481444332998997
-0.49129989764585474
-0.4680643588493418
-0.5055292259083729
-0.4771371769383698
-0.49561177077955604
-0.5136436597110755
-0.4910485933503837
-0.5161290322580645
-0.5060622034791776
-0.5084745762711865
-0.5372132064913263
-0.5324459234608986
-0.5303867403314918
-0.5180787911494873
-0.547945205479452
-0.5542725173210162
-0.562390158172232
-0.5627198124267292
-0.5504587155963303
-0.5607476635514019
-0.5765765765765767
-0.5677114133648729
-0.5878750765462339
-0.5911330049261084
-0.5578152237071471
-0.5772699939867709
-0.592227020357804
-0.5818181818181818
-0.5738194859533772
-0.600375234521576
-0.6295081967213115
-0.6157793457344451
-0.6205559146735617
-0.5839416058394161
-0.605296343001261
-0.6412825651302605
-0.611075747931254
-0.5853658536585366
-0.6099110546378653
-0.6278613472858077
-0.6161745827984596
-0.6075949367088608
-0.6181584030907921
-0.6056782334384858
-0.6185567010309279
-0.6145966709346992
-0.6072106261859583
-0.6095238095238096
-0.6064434617814277
-0.625
-0.6007509386733417
-0.6357615894039736
-0.6095238095238096
-0.592227020357804
-0.6138107416879797
-0.6387225548902196
-0.6169665809768639
-0.6241872561768531
-0.6157793457344451
-0.6114649681528663
-0.602258469259724
-0.6102987921169739
-0.6193548387096774
-0.5875152998776011
-0.5896805896805897
-0.5904059040590406
-0.6072106261859583
-0.5717689100655152
-0.5882352941176472
-0.5842970176506391
-0.5864386072083079
-0.5793602896801449
-0.5981308411214954
-0.5738194859533772
-0.5797101449275363
-0.575884823035393
-0.5973864343497199
-0.5683836589698047
-0.5893186003683242
-0.5828779599271403
-0.5825242718446603
-0.5607476635514019
-0.56973293768546
-0.5555555555555556
-0.5707491082045184
-0.5700712589073634
-0.5650382577987052
-0.575884823035393
-0.5523590333716917
-0.5667060212514758
-0.5620608899297423
-0.5411499436302142
-0.562390158172232
-0.5704099821746881
-0.5633802816901409
-0.5727923627684965
-0.5663716814159292
-0.5514072372199885
-0.5549132947976879
-0.5620608899297423
-0.5776173285198556
-0.5617320070216502
-0.5411499436302142
-0.562390158172232
-0.5804111245465539
-0.5637110980622432
-0.5561993047508691
-0.5485714285714286
-0.547320410490308
-0.5420666290231508
-0.539629005059022
-0.5387205387205387
-0.5390230207748457
-0.5517241379310345
-0.5555555555555556
-0.5832320777642771
-0.5627198124267292
-0.5470085470085471
-0.5491990846681922
-0.5561993047508691
-0.5594405594405595
-0.5454545454545455
-0.5704099821746881
-0.5683836589698047
-0.5604203152364273
-0.595903165735568
-0.5578152237071471
-0.5594405594405595
-0.5520414031052329
-0.564042303172738
-0.5633802816901409
-0.5594405594405595
-0.5476326297775242
-0.547945205479452
-0.5597667638483965
-0.5811138014527845
-0.5772699939867709
-0.5748502994011977
-0.5670407560543415
-0.5667060212514758
-0.5776173285198556
-0.5783132530120482
-0.5814657783161721
-0.5507745266781412
-0.5620608899297423
-0.5381165919282511
-0.5463858850313034
-0.5850091407678245
-0.560093348891482
-0.5710886377156454
-0.5842970176506391
SHOOT
-0.5904059040590406
-0.5832320777642771
-0.5825242718446603
-0.44016506189821186
-0.46624575036425453
-0.47058823529411764
-0.47595438770451165
-0.4892966360856269
-0.47197640117994105
-0.511727078891258
-0.4951005673027334
-0.5065963060686016
-0.505795574288725
-0.5111821086261982
-0.5268935236004392
-0.5109100585417776
-0.5223068552774756
-0.5152979066022544
-0.5180787911494873
-0.5234460196292258
-0.5454545454545455
-0.5426794799321651
-0.5405405405405406
-0.5360134003350084
-0.5266044980800878
-0.5381165919282511
-0.5286343612334802
-0.5161290322580645
-0.5060622034791776
-0.518918918918919
-0.46875000000000006
-0.45736064792758463
-0.44423877834335956
-0.4043807919123842
-0.374853572823116
-0.3712296983758701
-0.35437430786268
-0.33994334277620397
-0.309577555627217
-0.29321930360415394
-0.286140089418778
-0.25757982291387177
-0.24390243902439027
-0.24334600760456274
-0.20988194140795802
-0.2058760454642934
-0.19917012448132781
-0.17679558011049726
-0.17476788640087385
-0.1595744680851064
-0.15429122468659598
-0.14328358208955225
-0.13077237433592154
-0.12388695315524585
-0.11756061719324026
-0.10697570759973257
-0.0988875154511743
-0.0885608856088561
-0.08390874923520672
-0.08060453400503778
-0.07375537799631224
-0.06535502757165226
-0.06080182405472165
-0.05666725695059324
-0.05431707593074573
-0.050396346264895794
-0.04837490551776267
-0.04659741772643433
-0.042225643281284364
-0.04019595528199975
-0.03532658693652254
-0.03223964805050879
-0.028801152046081847
-0.024911770811708533
-0.023147031875391813
-0.020267702571464766
-0.02017484868863484
-0.017680860468542805
-0.016069097117605704
-0.014847809948032668
-0.013374385265885566
-0.010197469752817583
-0.010367618471640245
-0.009116029968948523
-0.008093274994309417
-0.007385240289562963
-0.005938977011209819
-0.0052066949419128095
-0.004270975606500781
-0.003644190363394108
-0.0030197985542714423
-0.0023560016688345155
-0.00180000450001125
-0.0013260291229146121
-0.0013260291229146121
-0.0013260291229146121
-4.873873297571288E-4
-4.873873297571288E-4
-4.873873297571288E-4
-4.873873297571288E-4
-4.873873297571288E-4
-4.873873297571288E-4
-4.873873297571288E-4
-4.873873297571288E-4
-4.873873297571288E-4
-4.873873297571288E-4
-4.873873297571288E-4
-4.873873297571288E-4
-4.873873297571288E-4
-4.873873297571288E-4
-4.873873297571288E-4
-4.873873297571288E-4
-4.873873297571288E-4
-4.873873297571288E-4
-4.873873297571288E-4
-4.873873297571288E-4
0.0
0.0
0.0
0.0
0.0
0.0
0.0
0.0
0.0
0.0
0.0
0.0
0.0
0.0
0.0
0.0
0.0
0.0
0.0
0.0
0.0
0.0
0.0
0.0
0.0
0.0
0.0
0.0
0.0
0.0
2.2163632249931896E-4
2.2163632249931896E-4
2.2163632249931896E-4
2.2163632249931896E-4
0.0
0.0
0.0
0.0
5.5850139183201025E-5
5.5850139183201025E-5
5.5850139183201025E-5
0.0
0.0
0.0
0.0
0.0
0.0
0.0
0.0
0.0
0.0
0.0
0.0
0.0
0.0
0.0
0.0
0.0
0.0
0.0
0.0
0.0
0.0
0.0
0.0
0.0
0.0
0.0
0.0
0.0
0.0
0.0
0.0
0.0
0.0
0.0
0.0
0.0
0.0
0.0
0.0
0.0
0.0
0.0
0.0
0.0
0.0
0.0
0.0
0.0
0.0
0.0
0.0
0.0
0.0
0.0
0.0
0.0
0.0
0.0
0.0
0.0
0.0
0.0
0.0
0.0
0.0
0.0
0.0
0.0
0.0
0.0
0.0
0.0
0.0
0.0
0.0
0.0
0.0
0.0
0.0
0.0
0.0
0.0
0.0
0.0
0.0
0.0
0.0
0.0
0.0
0.0
0.0
0.0
0.0
0.0
0.0
0.0
0.0
0.0
0.0
0.0
0.0
0.0
0.0
0.0
0.0
0.0
0.0
0.0
0.0
0.0
0.0
0.0
0.0
0.0
0.0
0.0
0.0
0.0
0.0
0.0
0.0
0.0
0.0
0.0
0.0
0.0
0.0
0.0
0.0
0.0
0.0
0.0
0.0
0.0
0.0
0.0
0.0
0.0
0.0
0.0
0.0
0.0
0.0
0.0
0.0
0.0
0.0
0.0
0.0
0.0
0.0
0.0
0.0
0.0
0.0
0.0
0.0
0.0
0.0
0.0
0.0
0.0
0.0
0.0
0.0
0.0
0.0
0.0
0.0
0.0
0.0
0.0
0.0
0.0
0.0
0.0
0.0
0.0
0.0
0.0
0.0
0.0
0.0
0.0
0.0
0.0
0.0
0.0
0.0
0.0
0.0
0.0
0.0
0.0
0.0
0.0
0.0
0.0
0.0
0.0
0.0
0.0
0.0
0.0
0.0
0.0
0.0
0.0
0.0
0.0
0.0
0.0
0.0
0.0
0.0
0.0
0.0
0.0
0.0
0.0
0.0
0.0
0.0
0.0
0.0
0.0
0.0
0.0
0.0
0.0
0.0
0.0
0.0
0.0
0.0
0.0
0.0
0.0
0.0
0.0
0.0
0.0
0.0
0.0
0.0
0.0
0.0
0.0
0.0
0.0
0.0
0.0
0.0
0.0
0.0
0.0
0.0
0.0
0.0
0.0
0.0
0.0
0.0
0.0
0.0
0.0
-3.1549971210651276E-4
-7.367861999944742E-4
-0.0018085226630496214
-5.253227451615587E-4
0.0010071063944961636
0.0014307857398354596
0.0013600854587029886
0.0013600854587029886
0.0
-7.102256964095872E-4
-0.0011214861560711537
-0.0011214861560711537
-0.0011214861560711537
-2.7397479203600944E-4
-2.7397479203600944E-4
-2.7397479203600944E-4
-2.7397479203600944E-4
-2.7397479203600944E-4
-2.7397479203600944E-4
-2.7397479203600944E-4
-2.7397479203600944E-4
-2.7397479203600944E-4
-2.7397479203600944E-4
-2.7397479203600944E-4
0.0
0.0
0.0
0.0
0.0
0.0
0.0
0.0
0.0
0.0
0.0
0.0
0.0
0.0
0.0
0.0
0.0
0.0
1.0820488324129532E-4
0.0
0.0
0.0
0.0
0.0
0.0
0.0
0.0
0.0
0.0
0.0
0.0
0.0
0.0
0.0
-1.3699157929885998E-4
-0.0013807347234647237
-0.0013807347234647237
-0.0013807347234647237
-0.0013807347234647237
-0.0013807347234647237
-0.0013807347234647237
-0.0013807347234647237
-0.0013807347234647237
-0.0013807347234647237
-0.0013807347234647237
-0.0013807347234647237
-0.0013807347234647237
-0.0013807347234647237
-0.0013807347234647237
-0.0013807347234647237
-0.0013807347234647237
-0.0013807347234647237
-0.0013807347234647237
-0.0013807347234647237
-0.0013807347234647237
-0.0013807347234647237
0.0
0.0
0.0
0.0
0.0
0.0
0.0
0.0
0.0
0.0
0.0
0.0
0.0
0.0
0.0
0.0
0.0
0.0
0.0
0.0
0.0
0.0
0.0
0.0
0.0
0.0
0.0
0.0
0.0
0.0
0.0
0.0
0.0
0.0
-0.01515965006474434
-0.006024587849159382
-0.013796671552987843
-0.022726196676293737
-0.03240178209801539
-0.044520706766219914
-0.057241667163556144
-0.06984357948344853
-0.0864397622906537
-0.0977696303085854
-0.11465424579003942
-0.1333518544242256
-0.1550638022936521
-0.16681146828844484
-0.1861186506397829
-0.19460774376647072
-0.22440392706872372
-0.23076923076923078
-0.25709694697375474
-0.2697386906434392
-0.2782608695652174
-0.2962048750385684
-0.305537873965627
-0.33994334277620397
-0.34972677595628415
-0.380952380952381
-0.3770620581304006
-0.39344262295081966
-0.4255319148936171
-0.42290748898678415
-0.4554079696394687
-0.4547607768829939
-0.4979253112033195
-0.4848484848484849
-0.5152979066022544
-0.5049973698053657
-0.538418395961862
-0.5324459234608986
-0.5536332179930796
-0.6118546845124283
-0.5914972273567468
-0.5842970176506391
-0.588957055214724
-0.6177606177606179
-0.6319947333772219
-0.6751054852320676
-0.684248039914469
-0.6597938144329898
-0.6906474820143885
-0.6971677559912854
-0.6966618287373005
-0.7267221801665406
-0.7218045112781954
-0.7470817120622568
-0.7022677395757133
-0.7373271889400922
-0.7523510971786835
-0.7686148919135308
-0.7914262159934048
-0.7773279352226721
-0.7723250201126308
-0.7710843373493976
-0.78239608801956
-0.8
-0.8226221079691518
-0.7704654895666132
-0.8108108108108109
-0.8053691275167786
-0.8149405772495757
-0.8040201005025127
-0.7729468599033817
-0.7914262159934048
-0.8219178082191781
-0.8114961961115809
-0.8114961961115809
-0.8275862068965517
-0.8212147134302823
-0.8101265822784811
-0.8177172061328791
-0.7914262159934048
-0.7511737089201879
-0.8020050125313284
-0.7535321821036106
-0.7817589576547231
-0.7729468599033817
-0.7741935483870968
-0.761904761904762
-0.7606973058637084
-0.7698476343223738
-0.7785888077858881
-0.7686148919135308
-0.7261724659606658
-0.7158836689038031
-0.6986899563318777
-0.7511737089201879
-0.7373271889400922
-0.7084870848708488
-0.7378939277478863
-0.6765327695560254
-0.6832740213523132
-0.6741573033707866
-0.6455951580363148
-0.6442953020134229
-0.6732117812061711
-0.6319947333772219
-0.6508474576271187
-0.6233766233766234
-0.6245933636955108
-0.6033940917661849
-0.606826801517067
-0.5944272445820433
-0.595903165735568
-0.600375234521576
-0.6083650190114069
-0.5653710247349825
-0.5637110980622432
-0.5710886377156454
-0.5514072372199885
-0.5369127516778525
-0.5507745266781412
-0.5363128491620113
-0.5321507760532151
-0.5109100585417776
-0.5150214592274678
-0.5095541401273885
-0.5098247477429634
-0.5071315372424723
-0.49331963001027757
-0.5073995771670191
-0.499219968798752
-0.4979253112033195
-0.5031446540880503
-0.4953560371517028
-0.5039370078740157
-0.49844236760124616
-0.496124031007752
-0.49844236760124616
-0.46875000000000006
-0.4981837052413078
-0.5161290322580645
-0.5013054830287207
-0.4831404126824359
-0.4824120603015076
-0.46399226679555344
-0.503672612801679
-0.5026178010471205
-0.4790419161676647
-0.481444332998997
-0.5063291139240507
-0.4766633565044688
-0.46556741028128035
-0.5013054830287207
-0.4971517348524081
-0.5084745762711865
-0.5286343612334802
-0.4981837052413078
-0.5106382978723405
-0.5076679005817029
-0.5139186295503212
-0.49306625577812024
-0.5254515599343186
-0.5507745266781412
-0.5060622034791776
-0.5330372015546919
-0.5420666290231508
-0.5448354143019296
-0.5139186295503212
-0.5460750853242321
-0.5436013590033976
-0.5485714285714286
-0.5614035087719299
-0.5650382577987052
-0.5420666290231508
-0.5627198124267292
-0.5552342394447658
-0.564042303172738
-0.5721096543504173
-0.5871559633027523
-0.5925925925925927
-0.6018808777429467
-0.5745062836624776
-0.5745062836624776
-0.5790108564535585
-0.5977584059775841
-0.588957055214724
-0.555877243775333
-0.5970149253731343
-0.5911330049261084
-0.5839416058394161
-0.588957055214724
-0.5647058823529413
-0.612635609444799
-0.6030150753768845
-0.6056782334384858
-0.5704099821746881
-0.6099110546378653
-0.6145966709346992
-0.6114649681528663
-0.612635609444799
-0.6266318537859009
-0.5981308411214954
-0.6412825651302605
-0.6245933636955108
-0.5875152998776011
-0.5839416058394161
-0.6189555125725339
-0.6286836935166994
-0.6193548387096774
-0.6177606177606179
-0.6091370558375635
-0.596273291925466
-0.6087507926442614
-0.5900430239704979
-0.6030150753768845
-0.6106870229007634
-0.6134185303514378
-0.5996252342286071
-0.6056782334384858
-0.5807622504537205
-0.582171012734991
-0.6114649681528663
-0.6102987921169739
-0.6007509386733417
-0.602258469259724
-0.5710886377156454
-0.5853658536585366
-0.6026365348399247
-0.5936920222634509
-0.5811138014527845
-0.5811138014527845
-0.6011271133375078
-0.5707491082045184
-0.5985037406483791
-0.5825242718446603
-0.595903165735568
-0.5690574985180795
-0.575884823035393
-0.5914972273567468
-0.575884823035393
-0.5683836589698047
-0.573134328358209
-0.5751947273816657
-0.5693950177935942
-0.5700712589073634
-0.5839416058394161
-0.5835866261398177
-0.5687203791469195
-0.5514072372199885
-0.5734767025089605
-0.5667060212514758
-0.5514072372199885
-0.5660377358490566
-0.5390230207748457
-0.5552342394447658
-0.5408450704225352
-0.5633802816901409
-0.575884823035393
-0.5549132947976879
-0.5565217391304348
-0.5762304921968788
-0.5485714285714286
-0.547945205479452
-0.5517241379310345
-0.545144804088586
-0.5578152237071471
-0.5420666290231508
-0.5312672938572219
-0.5526770293609672
-0.5591147350029121
-0.5414551607445008
-0.5653710247349825
-0.5561993047508691
-0.5445263754963131
-0.5372132064913263
-0.5630498533724341
-0.5277625068719076
-0.560093348891482
-0.5306799336650083
-0.5607476635514019
-0.5597667638483965
-0.560093348891482
-0.5578152237071471
-0.5504587155963303
-0.5470085470085471
-0.534521158129176
-0.538418395961862
-0.5772699939867709
-0.5485714285714286
-0.5552342394447658
-0.5647058823529413
-0.5526770293609672
-0.5604203152364273
-0.5330372015546919
-0.5330372015546919
-0.5375139977603584
-0.5510907003444317
-0.5594405594405595
-0.5871559633027523
-0.5839416058394161
-0.5721096543504173
-0.5714285714285715
-0.5721096543504173
-0.5717689100655152
SHOOT
-0.562390158172232
-0.558139534883721
SHOOT
-0.5693950177935942
-0.5476326297775242
-0.5561993047508691
-0.43478260869565216
-0.44630404463040446
-0.4361653793730123
-0.44198895027624313
-0.4824120603015076
-0.45368620037807184
-0.48460373548712776
-0.46783625730994155
-0.47220855878012796
-0.47220855878012796
-0.5047318611987383
-0.45801526717557256
-0.512
-0.5298013245033113
-0.511727078891258
-0.51009564293305
-0.5309734513274337
-0.5457646389994315
-0.547320410490308
-0.534521158129176
-0.5485714285714286
-0.5485714285714286
-0.5542725173210162
-0.5529953917050692
-0.5348189415041783
-0.5429864253393666
-0.5289256198347108
-0.5476326297775242
-0.5423728813559322
-0.5330372015546919
-0.5084745762711865
-0.5023547880690739
-0.47430830039525695
-0.47976011994003004
-0.451552210724365
-0.4011700793982449
-0.37632301058408474
-0.34959941733430444
-0.335195530726257
-0.31599736668861095
-0.2928615009151922
-0.2776171197223829
-0.27475672581568406
-0.25531914893617025
-0.24864024864024864
-0.22450888681010292
-0.20969855832241155
-0.19851116625310175
-0.1932756190859674
-0.18014636892475136
-0.1699115044247788
-0.15737704918032788
-0.15110971194711162
-0.14086573734409394
-0.1341531581889324
-0.12908430818878583
-0.12181195279786831
-0.11047180667433833
-0.10710699542563874
-0.09853227958534333
-0.09520975900029753
-0.08925251022685014
-0.08187633262260129
-0.07662223641152527
-0.07209372183838991
-0.06752954417557683
-0.06439495572846794
-0.06232956758862485
-0.060929169840060936
-0.053238686779059456
-0.048117888827627686
-0.04391984628053802
-0.04173913043478261
-0.03760429315680207
-0.03605227579990987
-0.03345763775136793
-0.032353734160150985
-0.030588835075197555
-0.028787333573227783
-0.025803677023975916
-0.023884161815196297
-0.021097046413502112
-0.01961786042709717
-0.01706120708040094
-0.016168693367467242
-0.015017363826924882
-0.01326791514062608
-0.01127025123268373
-0.010239781551326906
-0.00850212110208745
-0.0071487612537140055
-0.005456126491199155
-0.003946183916834174
-0.0027087424663100154
-0.002129731720357351
-0.0015513571951461913
-0.0015513571951461913
-6.988501730746131E-4
-6.988501730746131E-4
-6.988501730746131E-4
-1.9149651735656615E-4
0.0
0.0
1.5585377020010976E-4
3.3850863673051435E-4
3.3850863673051435E-4
3.3850863673051435E-4
3.3038271740473365E-4
3.531859395205869E-4
3.672639296322311E-4
3.9747372326057634E-4
3.9747372326057634E-4
3.9747372326057634E-4
3.9747372326057634E-4
3.9747372326057634E-4
3.9747372326057634E-4
3.9747372326057634E-4
3.9747372326057634E-4
3.9747372326057634E-4
3.9747372326057634E-4
3.9747372326057634E-4
3.9747372326057634E-4
3.9747372326057634E-4
3.9747372326057634E-4
3.9747372326057634E-4
3.9747372326057634E-4
3.9747372326057634E-4
3.9747372326057634E-4
3.9747372326057634E-4
3.9747372326057634E-4
3.9747372326057634E-4
0.0
0.0
0.0
0.0
0.0
0.0
0.0
0.0
0.0
0.0
0.0
0.0
0.0
0.0
0.0
0.0
0.0
0.0
0.0
0.0
0.0
0.0
0.0
0.0
0.0
0.0
0.0
0.0
0.0
0.0
0.0
0.0
0.0
0.0
0.0
0.0
0.0
0.0
0.0
0.0
0.0
0.0
0.0
0.0
0.0
0.0
0.0
0.0
0.0
0.0
0.0
0.0
0.0
0.0
0.0
0.0
0.0
0.0
0.0
0.0
0.0
0.0
0.0
0.0
0.0
0.0
0.0
0.0
0.0
0.0
0.0
0.0
0.0
0.0
0.0
0.0
0.0
0.0
0.0
0.0
0.0
0.0
0.0
0.0
0.0
0.0
0.0
0.0
0.0
0.0
0.0
0.0
0.0
0.0
0.0
0.0
0.0
0.0
0.0
0.0
0.0
0.0
0.0
0.0
0.0
0.0
0.0
0.0
0.0
0.0
0.0
0.0
0.0
0.0
0.0
0.0
0.0
0.0
0.0
0.0
0.0
0.0
0.0
0.0
0.0
